url,name,address,city,state,phone
http://www.gilbertandstewart.com/,Results,"190 W 800 N St #100, Provo, UT 84601",Provo,UT,(801) 377-5300
https://paramountcpa.com/provo,Results,"288 W Center St Ste 201, Provo, UT 84601",Provo,UT,(801) 515-3098
http://www.jmlarsencpa.com/,Results,"3549 N University Ave #225, Provo, UT 84604",Provo,UT,(801) 373-5300
http://www.theaccountingguys.com/,Results,"4778 N 300 W #200, Provo, UT 84604",Provo,UT,(385) 200-1040
http://www.daletax.com/,Results,"86 N University Ave Suite 360, Provo, UT 84601",Provo,UT,(801) 224-0897
https://www.getcertus.com/,Results,"5314 River Run Dr Unit 210, Provo, UT 84604",Provo,UT,(385) 557-7700
http://www.gurrcpa.com/,Results,"1156 S State St #202, Orem, UT 84097",Orem,UT,(801) 225-9411
http://www.myheathco.com/,Results,"150 Paul Ream Ave, Provo, UT 84604",Provo,UT,(801) 852-2673
https://vyde.io/,Results,"1078 S 250 E, Provo, UT 84606",Provo,UT,(801) 617-0660
http://taxproprovo.com/,Results,"398 N 500 W, Provo, UT 84601",Provo,UT,(801) 845-0500
http://www.thejonescpagroup.com/,Results,"1443 W 800 N Ste 201, Orem, UT 84057",Orem,UT,(801) 655-6010
https://www.blockadvisors.com/tax-office-near-me/utah/provo/48862/?otppartnerid=9308&campaignid=pw_mcm_9308_9762&utm_medium=local,Results,"3374 N University Ave, Provo, UT 84604",Provo,UT,(801) 373-2161
http://www.daviesallen.com/,Results,"920 E 800 N #204, Orem, UT 84097",Orem,UT,(801) 225-5854
http://proven.co/,Results,"180 N University Ave #270, Provo, UT 84601",Provo,UT,(801) 800-8188
http://www.mycpa.com/,Results,"5252 N Edgewood Dr STE 100, Provo, UT 84604",Provo,UT,(801) 754-6301
http://www.ridgelineaccounting.com/,Results,"2230 N University Pkwy #5b, Provo, UT 84604",Provo,UT,(801) 960-9461
http://sadlergibb.com/,Results,"3507 N University Ave #100, Provo, UT 84604",Provo,UT,(801) 356-6700
http://fusioncpabookkeeping.com/,Results,"412 W Rivers Edge Dr, Provo, UT 84604",Provo,UT,(404) 955-7338
https://taxmaxus.com/,Results,"1740 N State St, Provo, UT 84604",Provo,UT,(801) 623-0030
http://oakhavencpas.com/,Results,"449 E 1000 S, Pleasant Grove, UT 84062",Pleasant Grove,UT,(801) 369-4752
http://andersenaccounting.com/,Results,"1726 S 165 W St, Orem, UT 84058",Orem,UT,(801) 225-0396
https://riseaccountingllc.com/,Results,"1355 N 900 W, Mapleton, UT 84664",Mapleton,UT,(385) 318-3800
http://www.timpaccounting.com/,Results,,Provo,UT,(801) 663-1277
https://elfconsultinginc.com/contact-us,Results,"1521 S 680 W, Provo, UT 84601",Provo,UT,(801) 836-0886
https://taxhive.com/,Results,"260 S 1200 W, Orem, UT 84058",Orem,UT,(833) 919-1992
http://www.unionnationaltax.com/,Results,"285 E 950 S St, Orem, UT 84058",Orem,UT,(801) 505-0642
http://petersoncpa.net/,Results,"1432 E 840 N, Orem, UT 84097",Orem,UT,(801) 224-7317
https://gilbertandstewart.com/,Results,"76 N Merchant St, American Fork, UT 84003",American Fork,UT,(801) 756-9666
http://www.shreevelandry.com/,Results,"247 E 930 S, Orem, UT 84058",Orem,UT,(801) 683-9239
http://www.hoffmanandcompany.com/,Results,"210 N Orem Blvd, Orem, UT 84057",Orem,UT,(801) 227-0707
https://www.oremutahaccounting.com/contact-us/,Results,"36 S 400 W #103, Orem, UT 84058",Orem,UT,(801) 400-5162
http://sergiocentrolatino.com/,Results,"280 N State St, Orem, UT 84057",Orem,UT,(801) 764-0004
http://jeffpricellc.com/,Results,"1086 N 960 W, Orem, UT 84057",Orem,UT,(801) 420-1537
http://www.davejonestax.com/,Results,"76 E 1450 N, Orem, UT 84057",Orem,UT,(801) 360-0793
https://utah.coopernorman.com/?utm_source=google&utm_medium=organic&utm_campaign=gbp-utah,Results,"1064 S N County Blvd Unit 100, Pleasant Grove, UT 84062",Pleasant Grove,UT,(801) 751-9482
https://www.eidebailly.com/locations/orem,Results,"1061 S 800 E Ste. 120, Orem, UT 84097",Orem,UT,(801) 224-1900
https://jbaccountingandtax.com/,Results,"839 E 1200 S St, Orem, UT 84097",Orem,UT,(385) 241-7902
http://www.kdaaccounting.com/,Results,"715 N 1890 W, Provo, UT 84601",Provo,UT,(801) 900-1775
https://www.squire.com/,Results,"1329 S 800 E, Orem, UT 84097",Orem,UT,(801) 225-6900
http://www.aspenaccountingfirm.com/,Results,"468 S 1100 W, Orem, UT 84058",Orem,UT,(801) 797-4217
http://www.irstaxrelief.com/,Results,"558 E 1400 S, Orem, UT 84097",Orem,UT,(800) 468-4135
https://notyourdadscpa.com/,Results,,Provo,UT,(269) 281-3903
https://splinternetmarketing.com/local-pros/ut/springville/m-e-mcneese-accounting/,Results,"220 N Main St, Springville, UT 84663",Springville,UT,(801) 489-6131
http://www.strongcpas.com/,Results,"48 N University Ave, Provo, UT 84601",Provo,UT,(801) 489-5015
http://www.utahcpa.com/,Results,"1095 S 800 E #181, Orem, UT 84097",Orem,UT,(801) 609-4442
https://crownetax.com/,Results,"1280 S 800 E #301, Orem, UT 84097",Orem,UT,(801) 987-0919
https://lindoncpas.com/,Results,"239 W 400 N, Lindon, UT 84042",Lindon,UT,(801) 785-3161
https://entrepreneuradvisors.com/,Results,,Provo,UT,(385) 410-4073
https://www.hrblock.com/tax-office-near-me/utah/provo/48857/?otppartnerid=9308&campaignid=pw_mcm_9308_9762&utm_medium=local,Results,"110 S 500 W, Provo, UT 84601",Provo,UT,(801) 374-2000
https://www.fidelity.com/branches/investor-center-lehi-utah-84043?ccsource=local_search,Results,"3600 Outlet Pkwy Ste 400, Lehi, UT 84043",Lehi,UT,(801) 724-6208
https://www.cpataxhelpers.com/about.php,Results,"36 S 400 W #103, Orem, UT 84058",Orem,UT,(801) 226-7222
http://www.youngacc.com/contact_us,Results,"52 S 2370 W, Provo, UT 84601",Provo,UT,(801) 636-9255
https://paramount.tax/orem,Results,,Provo,UT,(801) 893-8535
http://scofieldtax.com/,Results,"11 E 200 N St, Orem, UT 84057",Orem,UT,(801) 226-3339
http://www.msftaxes.com/,Results,"1049 S Orem Blvd, Orem, UT 84058",Orem,UT,(801) 221-4700
http://kimbaltax.com/,Results,"2397 E 1950 S, Spanish Fork, UT 84660",Spanish Fork,UT,(801) 734-5023
https://bushmanaccounting.com/,Results,"2277 W 700 S #2A, Springville, UT 84663",Springville,UT,(801) 901-7061
https://paramount.tax/springville,Results,"940 S 2000 W Suite #211, Springville, UT 84663",Springville,UT,(385) 402-6450
https://jaxesfinancial.com/,Results,"180 N University Ave #270, Provo, UT 84601",Provo,UT,(801) 960-0762
http://financialguardians.org/,Results,"477 Kwanzan Cir, Orem, UT 84058",Orem,UT,(801) 615-9644
http://vita.byu.edu/,Results,"W139 TNRB, Provo, UT 84602",Provo,UT,
https://marriott.byu.edu/acc/?y_source=1_MjAxNzE5ODI5Mi03MTUtbG9jYXRpb24ud2Vic2l0ZQ%3D%3D,Results,"Campus Dr 460 TNRB, Provo, UT 84604",Provo,UT,(801) 422-4235
http://sbatax.com/,Results,"851 N 100 E, Spanish Fork, UT 84660",Spanish Fork,UT,(801) 871-8716
https://jmaccountinginc.com/contact/,Results,"202 E 800 S #101, Orem, UT 84058",Orem,UT,(801) 742-5426
https://www.caselle.com/,Results,"1656 S E Bay Blvd # 100, Provo, UT 84606",Provo,UT,(801) 850-5000
https://www.austinlawpc.com/,Results,"3521 N University Ave #200, Provo, UT 84604",Provo,UT,(801) 374-8925
https://splinternetmarketing.com/local-pros/ut/provo/luckypenny-bookkeeping/,Results,"539 1260 W, Provo, UT 84601",Provo,UT,(435) 503-4424
https://www.entrepreneuradvisors.com/,Results,"590 Timpanogos Pkwy, Orem, UT 84097",Orem,UT,(385) 410-4073
https://www.heidlaw.com/,Results,"2696 N University Ave #180, Provo, UT 84604",Provo,UT,(801) 472-7742
https://www.keithvcpa.com/contact,Results,"504 W 800 N, Orem, UT 84057",Orem,UT,(843) 607-5093
https://cpataxhelpers.com/,Results,"36 S 400 W #103, Orem, UT 84058",Orem,UT,(385) 282-6438
https://legallymine.com/,Results,"1337 E 750 N St, Orem, UT 84097",Orem,UT,(800) 375-2453
http://www.paulsorensoncpa.com/,Results,"380 240 N, Orem, UT 84057",Orem,UT,(801) 434-4550
https://dowcpa.com/,Results,"3714 E Campus Dr Ste 103, Eagle Mountain, UT 84005",Eagle Mountain,UT,(801) 753-8540
https://www.taxtrio.com/,Results,"1435 N 1200 W, Orem, UT 84057",Orem,UT,(801) 226-9074
https://taxesonstate.com/,Results,"100 E State Rd, Pleasant Grove, UT 84062",Pleasant Grove,UT,(801) 796-9303
https://turbotax.intuit.com/local-tax-offices/ut/provo/36fe2f9fe9754269ad4b45c80657e956/,Results,"412 West Rivers Edge Drive Office 15 / 19, Provo, UT 84604",Provo,UT,(801) 658-1121
http://tax.utah.gov/,Results,"150 E Center St #1300, Provo, UT 84606",Provo,UT,(801) 374-7070
https://www.hrblock.com/tax-office-near-me/utah/orem/48875/?otppartnerid=9308&campaignid=pw_mcm_9308_9762&utm_medium=local,Results,"580 E University Pkwy, Orem, UT 84097",Orem,UT,(801) 225-4018
https://financialguardians.org/,Results,"815 W 1250 S Suite 204, Orem, UT 84058",Orem,UT,(801) 210-8001
https://www.loansbyworld.com/locations/branches/ut-provo-222-n-university-ave-2307?utm_source=google&utm_medium=organic&utm_campaign=loc&utm_content=cm-13gbp------bid-2307,Results,"222 N University Ave, Provo, UT 84601",Provo,UT,(385) 250-0796
https://paramountcpa.com/draper,Results,"12481 S Fort St #225, Draper, UT 84020",Draper,UT,(801) 890-4777
http://www.dptaxllc.com/,Results,,Provo,UT,(856) 701-0005
https://www.libertytax.com/11365,Results,"148 S State St, Orem, UT 84058",Orem,UT,(801) 877-3756
